8.017987251281738281e+00 1.572632670402526855e+00 4.903835296630859375e+00 0.000000000000000000e+00 2.617694996297359467e-02 0.000000000000000000e+00 9.996573328971862793e-01
7.999676704406738281e+00 1.572632670402526855e+00 4.624459266662597656e+00 0.000000000000000000e+00 3.925982117652893066e-02 0.000000000000000000e+00 9.992290735244750977e-01
7.975905895233154297e+00 1.572632670402526855e+00 4.415825366973876953e+00 0.000000000000000000e+00 6.540314108133316040e-02 0.000000000000000000e+00 9.978590011596679688e-01
7.943062305450439453e+00 1.572632670402526855e+00 4.208458423614501953e+00 0.000000000000000000e+00 9.150163084268569946e-02 0.000000000000000000e+00 9.958049058914184570e-01
7.901197910308837891e+00 1.572632670402526855e+00 4.002689838409423828e+00 0.000000000000000000e+00 1.175374165177345276e-01 0.000000000000000000e+00 9.930685162544250488e-01
7.846858024597167969e+00 1.572632670402526855e+00 3.799891710281372070e+00 0.000000000000000000e+00 1.434926390647888184e-01 0.000000000000000000e+00 9.896513819694519043e-01
7.781979084014892578e+00 1.572632670402526855e+00 3.600215435028076172e+00 0.000000000000000000e+00 1.693495213985443115e-01 0.000000000000000000e+00 9.855561256408691406e-01
7.705019474029541016e+00 1.572632670402526855e+00 3.404842853546142578e+00 0.000000000000000000e+00 1.950903534889221191e-01 0.000000000000000000e+00 9.807853102684020996e-01
7.616276741027832031e+00 1.572632670402526855e+00 3.214532852172851562e+00 0.000000000000000000e+00 2.206974625587463379e-01 0.000000000000000000e+00 9.753423333168029785e-01
7.490803241729736328e+00 1.572632670402526855e+00 2.964240312576293945e+00 0.000000000000000000e+00 2.334453910589218140e-01 0.000000000000000000e+00 9.723699092864990234e-01
7.390600204467773438e+00 1.572632670402526855e+00 2.779688596725463867e+00 0.000000000000000000e+00 2.588190734386444092e-01 0.000000000000000000e+00 9.659258723258972168e-01
7.249025821685791016e+00 1.572632670402526855e+00 2.538138628005981445e+00 0.000000000000000000e+00 2.714404463768005371e-01 0.000000000000000000e+00 9.624552130699157715e-01
7.099627017974853516e+00 1.572632670402526855e+00 2.301355123519897461e+00 0.000000000000000000e+00 2.840153574943542480e-01 0.000000000000000000e+00 9.588197469711303711e-01
6.979185104370117188e+00 1.572632670402526855e+00 2.129346609115600586e+00 0.000000000000000000e+00 3.090170323848724365e-01 0.000000000000000000e+00 9.510565400123596191e-01
6.811668395996093750e+00 1.572632670402526855e+00 1.905014991760253906e+00 0.000000000000000000e+00 3.214395046234130859e-01 0.000000000000000000e+00 9.469301700592041016e-01
6.678102016448974609e+00 1.572632670402526855e+00 1.742986202239990234e+00 0.000000000000000000e+00 3.461170792579650879e-01 0.000000000000000000e+00 9.381912946701049805e-01
6.632640838623046875e+00 1.572632670402526855e+00 1.689757823944091797e+00 0.000000000000000000e+00 3.947439491748809814e-01 0.000000000000000000e+00 9.187912344932556152e-01
6.632640838623046875e+00 1.572632670402526855e+00 1.689757823944091797e+00 0.000000000000000000e+00 4.539906382560729980e-01 0.000000000000000000e+00 8.910065293312072754e-01
6.401885986328125000e+00 1.572632670402526855e+00 1.531164169311523438e+00 0.000000000000000000e+00 4.656146764755249023e-01 0.000000000000000000e+00 8.849876523017883301e-01
6.113442420959472656e+00 1.572632670402526855e+00 1.332922101020812988e+00 0.000000000000000000e+00 4.656146764755249023e-01 0.000000000000000000e+00 8.849876523017883301e-01
5.824998855590820312e+00 1.572632670402526855e+00 1.134680032730102539e+00 0.000000000000000000e+00 4.656146764755249023e-01 0.000000000000000000e+00 8.849876523017883301e-01
5.536555290222167969e+00 1.572632670402526855e+00 9.364379644393920898e-01 0.000000000000000000e+00 4.656146764755249023e-01 0.000000000000000000e+00 8.849876523017883301e-01
5.248111724853515625e+00 1.572632670402526855e+00 7.381958961486816406e-01 0.000000000000000000e+00 4.656146764755249023e-01 0.000000000000000000e+00 8.849876523017883301e-01
4.959668159484863281e+00 1.572632670402526855e+00 5.399538278579711914e-01 0.000000000000000000e+00 4.656146764755249023e-01 0.000000000000000000e+00 8.849876523017883301e-01
4.671224594116210938e+00 1.572632670402526855e+00 3.417117595672607422e-01 0.000000000000000000e+00 4.656146764755249023e-01 0.000000000000000000e+00 8.849876523017883301e-01
4.495104312896728516e+00 1.572632670402526855e+00 2.273376286029815674e-01 0.000000000000000000e+00 4.886213839054107666e-01 0.000000000000000000e+00 8.724959492683410645e-01
4.314176082611083984e+00 1.572632670402526855e+00 1.207628175616264343e-01 0.000000000000000000e+00 5.112932920455932617e-01 0.000000000000000000e+00 8.594063520431518555e-01
4.066401004791259766e+00 1.572632670402526855e+00 -9.597964584827423096e-03 0.000000000000000000e+00 5.224987864494323730e-01 0.000000000000000000e+00 8.526400923728942871e-01
3.876091003417968750e+00 1.572632670402526855e+00 -9.834100306034088135e-02 0.000000000000000000e+00 5.446392297744750977e-01 0.000000000000000000e+00 8.386704325675964355e-01
3.681397438049316406e+00 1.572632670402526855e+00 -1.770023256540298462e-01 0.000000000000000000e+00 5.664064884185791016e-01 0.000000000000000000e+00 8.241260647773742676e-01
3.482264518737792969e+00 1.572632670402526855e+00 -2.436310350894927979e-01 0.000000000000000000e+00 5.877855420112609863e-01 0.000000000000000000e+00 8.090168833732604980e-01
3.347532272338867188e+00 1.572632670402526855e+00 -2.816293537616729736e-01 0.000000000000000000e+00 6.190941929817199707e-01 0.000000000000000000e+00 7.853167653083801270e-01
3.142168283462524414e+00 1.572632670402526855e+00 -3.252806961536407471e-01 0.000000000000000000e+00 6.394392848014831543e-01 0.000000000000000000e+00 7.688416838645935059e-01
3.003628730773925781e+00 1.572632670402526855e+00 -3.453678190708160400e-01 0.000000000000000000e+00 6.691308617591857910e-01 0.000000000000000000e+00 7.431446313858032227e-01
2.794323921203613281e+00 1.572632670402526855e+00 -3.618403077125549316e-01 0.000000000000000000e+00 6.883548498153686523e-01 0.000000000000000000e+00 7.253742218017578125e-01
2.654347896575927734e+00 1.572632670402526855e+00 -3.600078225135803223e-01 0.000000000000000000e+00 7.163022160530090332e-01 0.000000000000000000e+00 6.977902650833129883e-01
2.514827251434326172e+00 1.572632670402526855e+00 -3.490272164344787598e-01 0.000000000000000000e+00 7.431450486183166504e-01 0.000000000000000000e+00 6.691303849220275879e-01
2.445688962936401367e+00 1.572632670402526855e+00 -3.380767703056335449e-01 0.000000000000000000e+00 7.771461606025695801e-01 0.000000000000000000e+00 6.293202042579650879e-01
2.309603929519653320e+00 1.572632670402526855e+00 -3.054055273532867432e-01 0.000000000000000000e+00 8.012539744377136230e-01 0.000000000000000000e+00 5.983244180679321289e-01
2.243030071258544922e+00 1.572632670402526855e+00 -2.837742865085601807e-01 0.000000000000000000e+00 8.314698338508605957e-01 0.000000000000000000e+00 5.555700659751892090e-01
2.115988016128540039e+00 1.572632670402526855e+00 -2.252070307731628418e-01 0.000000000000000000e+00 8.526403307914733887e-01 0.000000000000000000e+00 5.224983692169189453e-01
2.057281017303466797e+00 1.572632670402526855e+00 -1.870822459459304810e-01 0.000000000000000000e+00 8.788173198699951172e-01 0.000000000000000000e+00 4.771585464477539062e-01
2.057281017303466797e+00 1.572632670402526855e+00 -1.870822459459304810e-01 0.000000000000000000e+00 9.081433415412902832e-01 0.000000000000000000e+00 4.186595380306243896e-01
2.004052639007568359e+00 1.572632670402526855e+00 -1.416208446025848389e-01 0.000000000000000000e+00 9.288097023963928223e-01 0.000000000000000000e+00 3.705572485923767090e-01
1.958591341972351074e+00 1.572632670402526855e+00 -8.839239180088043213e-02 0.000000000000000000e+00 9.469302296638488770e-01 0.000000000000000000e+00 3.214392960071563721e-01
1.958591341972351074e+00 1.572632670402526855e+00 -8.839239180088043213e-02 0.000000000000000000e+00 9.659258723258972168e-01 0.000000000000000000e+00 2.588188946247100830e-01
1.925190210342407227e+00 1.572632670402526855e+00 -2.687517926096916199e-02 0.000000000000000000e+00 9.781476855278015137e-01 0.000000000000000000e+00 2.079115360975265503e-01
1.925190210342407227e+00 1.572632670402526855e+00 -2.687517926096916199e-02 0.000000000000000000e+00 9.896514415740966797e-01 0.000000000000000000e+00 1.434924900531768799e-01
1.925190210342407227e+00 1.572632670402526855e+00 -2.687517926096916199e-02 0.000000000000000000e+00 9.969174265861511230e-01 0.000000000000000000e+00 7.845897227525711060e-02
